100
988 36 5000 2 12 2
784 40 5000 2 12 2
988 36 5000 2 16 2
784 40 5000 2 16 2
784 40 5000 2 20 2
988 36 5000 2 20 2
784 40 5000 2 24 2
988 36 5000 2 24 2
880 38 5000 2 26 2
740 41 5000 2 26 2
784 40 5000 2 28 2
988 36 5000 2 28 2
988 36 5000 2 32 2
784 40 5000 2 32 2
784 40 5000 2 36 2
988 36 5000 2 36 2
988 36 5000 2 40 2
988 36 5000 2 44 2
988 36 5000 2 48 2
988 36 5000 2 52 2
988 36 5000 2 56 2
880 38 5000 2 58 2
988 36 5000 2 60 2
740 41 5000 2 58 2
784 40 5000 2 56 2
784 40 5000 2 60 2
784 40 5000 2 52 2
784 40 5000 2 48 2
784 40 5000 2 44 2
784 40 5000 2 40 2
587 45 5000 4 0 -6
587 45 5000 4 4 -6
587 45 5000 4 8 -6
587 45 5000 4 12 -6
587 45 5000 4 16 -6
587 45 5000 4 20 -6
587 45 5000 2 24 -6
587 45 5000 2 26 -6
587 45 5000 4 28 -6
587 45 5000 4 32 -6
587 45 5000 4 36 -6
587 45 5000 4 40 -6
587 45 5000 4 44 -6
587 45 5000 4 48 -6
587 45 5000 4 52 -6
587 45 5000 2 56 -6
587 45 5000 2 58 -6
587 45 5000 4 60 -6
330 55 5000 2 0 -2
494 48 5000 1 2 -2
523 47 5000 1 3 -2
494 48 5000 2 4 -2
440 50 5000 2 6 -2
392 52 5000 1 8 -2
440 50 5000 1 9 -2
392 52 5000 1 10 -2
370 53 5000 1 11 -2
330 55 5000 2 12 -2
330 55 5000 2 14 -2
330 55 5000 2 16 -2
392 52 5000 1 18 -2
440 50 5000 1 19 -2
392 52 5000 2 20 -2
370 53 5000 2 22 -2
330 55 5000 1 24 -2
370 53 5000 1 25 -2
330 55 5000 1 26 -2
294 57 5000 1 27 -2
330 55 5000 4 28 -2
330 55 5000 2 32 -2
494 48 5000 1 34 -2
523 47 5000 1 35 -2
494 48 5000 2 36 -2
440 50 5000 2 38 -2
392 52 5000 1 40 -2
440 50 5000 1 41 -2
392 52 5000 1 42 -2
370 53 5000 1 43 -2
330 55 5000 2 44 -2
330 55 5000 2 46 -2
330 55 5000 2 48 -2
370 53 5000 1 50 -2
440 50 5000 1 51 -2
392 52 5000 2 52 -2
370 53 5000 2 54 -2
330 55 5000 2 56 -2
294 57 5000 2 58 -2
330 55 5000 4 60 -2
988 36 5000 2 8 2
784 40 5000 2 8 2
784 40 5000 2 4 2
988 36 5000 2 4 2
988 36 5000 2 0 2
784 40 5000 2 0 2
