330 55 5000 500 0 1
494 48 5000 250 500 1
523 47 5000 250 750 1
494 48 5000 500 1000 1
440 50 5000 500 1500 1
392 52 5000 250 2000 1
440 50 5000 250 2250 1
392 52 5000 250 2500 1
370 53 5000 250 2750 1
330 55 5000 500 3000 1
330 55 5000 500 3500 1
330 55 5000 500 4000 1
988 36 5000 500 0 2
784 40 5000 500 0 2
988 36 5000 500 1000 2
784 40 5000 500 1000 2
988 36 5000 500 2000 2
784 40 5000 500 2000 2
988 36 5000 500 3000 2
784 40 5000 500 3000 2
988 36 5000 500 4000 2
784 40 5000 500 4000 2
392 52 5000 250 4500 1
440 50 5000 250 4750 1
392 52 5000 500 5000 1
370 53 5000 500 5500 1
330 55 5000 250 6000 1
370 53 5000 250 6250 1
330 55 5000 250 6500 1
294 57 5000 250 6750 1
330 55 5000 1000 7000 1
330 55 5000 500 8000 1
494 48 5000 250 8500 1
523 47 5000 250 8750 1
494 48 5000 500 9000 1
440 50 5000 500 9500 1
392 52 5000 250 10000 1
440 50 5000 250 10250 1
392 52 5000 250 10500 1
370 53 5000 250 10750 1
330 55 5000 500 11000 1
330 55 5000 500 11500 1
330 55 5000 500 12000 1
370 53 5000 250 12500 1
440 50 5000 250 12750 1
392 52 5000 500 13000 1
370 53 5000 500 13500 1
330 55 5000 500 14000 1
294 57 5000 500 14500 1
330 55 5000 1000 15000 1
784 40 5000 500 5000 2
988 36 5000 500 5000 2
784 40 5000 500 6000 2
988 36 5000 500 6000 2
880 38 5000 500 6500 2
740 41 5000 500 6500 2
784 40 5000 500 7000 2
988 36 5000 500 7000 2
988 36 5000 500 8000 2
784 40 5000 500 8000 2
784 40 5000 500 9000 2
988 36 5000 500 9000 2
988 36 5000 500 10000 2
988 36 5000 500 11000 2
988 36 5000 500 12000 2
988 36 5000 500 13000 2
988 36 5000 500 14000 2
880 38 5000 500 14500 2
988 36 5000 500 15000 2
740 41 5000 500 14500 2
784 40 5000 500 14000 2
784 40 5000 500 15000 2
784 40 5000 500 13000 2
784 40 5000 500 12000 2
784 40 5000 500 11000 2
784 40 5000 500 10000 2
