170
330 55 5000 4 0 1
349 54 5000 1 4 1
330 55 5000 1 5 1
311 56 5000 1 6 1
330 55 5000 2 7 1
523 47 5000 2 9 1
494 48 5000 13 11 1
440 50 5000 13 35 1
330 55 5000 4 24 1
349 54 5000 1 28 1
330 55 5000 1 29 1
311 56 5000 1 30 1
330 55 5000 2 31 1
494 48 5000 2 33 1
440 50 5000 4 48 1
494 48 5000 1 52 1
440 50 5000 1 53 1
440 50 5000 2 56 1
415 51 5000 1 54 1
659 43 5000 2 58 1
784 40 5000 2 58 1
587 45 5000 2 66 1
698 42 5000 2 66 1
587 45 5000 4 68 1
698 42 5000 4 68 1
587 45 5000 4 72 1
698 42 5000 4 72 1
659 43 5000 8 88 1
523 47 5000 8 88 1
123 72 5000 4 12 1
247 60 5000 4 16 1
294 57 5000 4 16 1
349 54 5000 4 16 1
247 60 5000 4 20 1
294 57 5000 4 20 1
349 54 5000 4 20 1
165 67 5000 4 24 1
294 57 5000 4 28 1
247 60 5000 4 28 1
208 63 5000 4 28 1
208 63 5000 4 32 1
247 60 5000 4 32 1
294 57 5000 4 32 1
262 59 5000 4 40 1
330 55 5000 4 40 1
220 62 5000 4 40 1
110 74 5000 4 36 1
220 62 5000 4 44 1
262 59 5000 4 44 1
330 55 5000 4 44 1
110 74 5000 4 48 1
277 58 5000 4 52 1
277 58 5000 4 56 1
330 55 5000 4 52 1
330 55 5000 4 56 1
392 52 5000 4 52 1
392 52 5000 4 56 1
147 69 5000 4 60 1
220 62 5000 4 64 1
220 62 5000 4 68 1
294 57 5000 4 64 1
294 57 5000 4 68 1
349 54 5000 4 64 1
349 54 5000 4 68 1
196 64 5000 4 72 1
247 60 5000 4 76 1
247 60 5000 4 80 1
294 57 5000 4 76 1
294 57 5000 4 80 1
349 54 5000 4 76 1
349 54 5000 4 80 1
131 71 5000 4 84 1
196 64 5000 4 88 1
196 64 5000 4 92 1
262 59 5000 4 88 1
262 59 5000 4 92 1
330 55 5000 4 88 1
330 55 5000 4 92 1
587 45 5000 4 84 1
698 42 5000 4 84 1
587 45 5000 4 80 1
698 42 5000 4 80 1
659 43 5000 4 76 1
784 40 5000 4 76 1
587 45 5000 6 60 1
698 42 5000 6 60 1
