294 57 5000 500 0 1
370 53 5000 500 0 1
294 57 5000 500 500 1
370 53 5000 500 500 1
370 53 5000 500 1000 1
294 57 5000 500 1000 1
330 55 5000 250 1500 1
294 57 5000 500 2000 1
370 53 5000 500 2000 1
294 57 5000 500 2500 1
370 53 5000 500 2500 1
370 53 5000 500 3000 1
294 57 5000 500 3000 1
294 57 5000 250 1750 1
330 55 5000 250 3500 1
294 57 5000 250 3750 1
294 57 5000 750 4000 1
294 57 5000 750 5000 1
370 53 5000 750 4000 1
392 52 5000 750 5000 1
370 53 5000 250 5750 1
330 55 5000 750 6000 1
294 57 5000 750 6000 1
330 55 5000 250 6750 1
294 57 5000 250 7000 1
277 58 5000 250 7250 1
294 57 5000 500 7500 1
370 53 5000 500 7500 1
370 53 5000 500 8000 1
294 57 5000 500 8000 1
294 57 5000 500 8500 1
370 53 5000 500 8500 1
330 55 5000 250 9000 1
294 57 5000 250 9250 1
294 57 5000 500 9500 1
294 57 5000 500 10000 1
294 57 5000 500 10500 1
370 53 5000 500 9500 1
370 53 5000 500 10000 1
370 53 5000 500 10500 1
392 52 5000 250 11000 1
370 53 5000 250 11250 1
330 55 5000 750 11500 1
294 57 5000 500 12500 1
294 57 5000 750 11500 1
330 55 5000 500 13000 1
277 58 5000 1500 13500 1
294 57 5000 250 4750 1
294 57 5000 250 12250 1
330 55 5000 250 12250 1
370 53 5000 250 4750 1
