60
294 57 5000 2 0 1
370 53 5000 2 0 1
294 57 5000 2 2 1
370 53 5000 2 2 1
370 53 5000 2 4 1
294 57 5000 2 4 1
330 55 5000 1 6 1
294 57 5000 2 8 1
370 53 5000 2 8 1
294 57 5000 2 10 1
370 53 5000 2 10 1
370 53 5000 2 12 1
294 57 5000 2 12 1
294 57 5000 1 7 1
330 55 5000 1 14 1
294 57 5000 1 15 1
294 57 5000 3 16 1
294 57 5000 3 20 1
370 53 5000 3 16 1
392 52 5000 3 20 1
370 53 5000 1 23 1
330 55 5000 3 24 1
294 57 5000 3 24 1
330 55 5000 1 27 1
294 57 5000 1 28 1
277 58 5000 1 29 1
294 57 5000 2 30 1
370 53 5000 2 30 1
370 53 5000 2 32 1
294 57 5000 2 32 1
294 57 5000 2 34 1
370 53 5000 2 34 1
330 55 5000 1 36 1
294 57 5000 1 37 1
294 57 5000 2 38 1
294 57 5000 2 40 1
294 57 5000 2 42 1
370 53 5000 2 38 1
370 53 5000 2 40 1
370 53 5000 2 42 1
392 52 5000 1 44 1
370 53 5000 1 45 1
330 55 5000 3 46 1
294 57 5000 2 50 1
294 57 5000 3 46 1
330 55 5000 2 52 1
277 58 5000 6 54 1
294 57 5000 1 19 1
294 57 5000 1 49 1
330 55 5000 1 49 1
370 53 5000 1 19 1
