587 45 5000 1000 0 4
698 42 5000 500 1000 4
587 45 5000 500 1500 4
880 38 5000 1000 2000 4
698 42 5000 1000 3000 4
587 45 5000 4000 4000 4
147 69 5000 2000 0 1
175 66 5000 2000 0 1
196 64 5000 2000 2000 1
165 67 5000 2000 2000 1
175 66 5000 2000 4000 1
220 62 5000 2000 4000 1
165 67 5000 500 6000 1
220 62 5000 500 6500 1
196 64 5000 500 7000 1
233 61 5000 500 6000 1
233 61 5000 500 7500 1
294 57 5000 1000 8000 4
349 54 5000 500 9000 4
294 57 5000 500 9500 4
349 54 5000 1000 10000 4
440 50 5000 1000 10000 4
349 54 5000 1000 11000 4
294 57 5000 1000 11000 4
294 57 5000 4000 12000 4
220 62 5000 4000 12000 4
175 66 5000 2000 8000 1
147 69 5000 2000 8000 1
196 64 5000 2000 10000 1
165 67 5000 2000 10000 1
220 62 5000 2000 12000 1
175 66 5000 2000 12000 1
165 67 5000 500 14000 1
233 61 5000 500 14000 1
233 61 5000 500 15000 1
220 62 5000 500 15500 1
147 69 5000 4000 16000 1
196 64 5000 4000 16000 1
233 61 5000 4000 16000 1
440 50 5000 1000 16000 4
587 45 5000 1000 16000 4
698 42 5000 500 17000 4
587 45 5000 500 17500 4
880 38 5000 1000 18000 4
698 42 5000 1000 19000 4
587 45 5000 4000 20000 4
440 50 5000 4000 20000 4
220 62 5000 4000 20000 1
147 69 5000 4000 20000 1
110 74 5000 4000 20000 1
262 59 5000 500 14500 1
