60
587 45 5000 4 0 4
698 42 5000 2 4 4
587 45 5000 2 6 4
880 38 5000 4 8 4
698 42 5000 4 12 4
587 45 5000 16 16 4
147 69 5000 8 0 1
175 66 5000 8 0 1
196 64 5000 8 8 1
165 67 5000 8 8 1
175 66 5000 8 16 1
220 62 5000 8 16 1
165 67 5000 2 24 1
220 62 5000 2 26 1
196 64 5000 2 28 1
233 61 5000 2 24 1
233 61 5000 2 30 1
294 57 5000 4 32 4
349 54 5000 2 36 4
294 57 5000 2 38 4
349 54 5000 4 40 4
440 50 5000 4 40 4
349 54 5000 4 44 4
294 57 5000 4 44 4
294 57 5000 16 48 4
220 62 5000 16 48 4
175 66 5000 8 32 1
147 69 5000 8 32 1
196 64 5000 8 40 1
165 67 5000 8 40 1
220 62 5000 8 48 1
175 66 5000 8 48 1
165 67 5000 2 56 1
233 61 5000 2 56 1
233 61 5000 2 60 1
220 62 5000 2 62 1
147 69 5000 16 64 1
196 64 5000 16 64 1
233 61 5000 16 64 1
440 50 5000 4 64 4
587 45 5000 4 64 4
698 42 5000 2 68 4
587 45 5000 2 70 4
880 38 5000 4 72 4
698 42 5000 4 76 4
587 45 5000 16 80 4
440 50 5000 16 80 4
220 62 5000 16 80 1
147 69 5000 16 80 1
110 74 5000 16 80 1
262 59 5000 2 58 1
