80
587 45 5000 2 0 1
698 42 5000 2 2 1
880 38 5000 2 4 1
698 42 5000 2 6 1
880 38 5000 2 8 1
698 42 5000 2 10 1
587 45 5000 2 12 1
784 40 5000 2 14 1
988 36 5000 2 16 1
784 40 5000 2 18 1
988 36 5000 4 20 1
587 45 5000 2 24 1
698 42 5000 2 26 1
880 38 5000 2 28 1
698 42 5000 2 30 1
880 38 5000 2 32 1
698 42 5000 2 34 1
587 45 5000 2 36 1
784 40 5000 2 38 1
988 36 5000 2 40 1
784 40 5000 2 42 1
988 36 5000 4 44 1
587 45 5000 2 48 1
698 42 5000 2 50 1
880 38 5000 2 52 1
698 42 5000 2 54 1
880 38 5000 2 56 1
698 42 5000 2 58 1
587 45 5000 2 60 1
784 40 5000 2 62 1
988 36 5000 2 64 1
784 40 5000 2 66 1
988 36 5000 4 68 1
294 57 5000 8 48 -2
349 54 5000 8 52 -2
440 50 5000 8 56 -2
440 50 5000 8 60 -2
494 48 5000 8 64 -2
294 57 5000 8 72 -2
349 54 5000 8 76 -2
440 50 5000 8 80 -2
440 50 5000 8 84 -2
494 48 5000 8 88 -2
587 45 5000 2 72 1
698 42 5000 2 74 1
880 38 5000 2 76 1
698 42 5000 2 78 1
880 38 5000 2 80 1
698 42 5000 2 82 1
587 45 5000 2 84 1
784 40 5000 2 86 1
988 36 5000 2 88 1
784 40 5000 2 90 1
988 36 5000 4 92 1
440 50 5000 8 96 -2
294 57 5000 8 100 -2
349 54 5000 8 104 -2
392 52 5000 4 108 -2
349 54 5000 4 110 -2
330 55 5000 8 112 -2
392 52 5000 8 116 -2
349 54 5000 4 120 -2
330 55 5000 4 122 -2
294 57 5000 8 124 -2
349 54 5000 8 128 -2
330 55 5000 4 132 -2
294 57 5000 4 134 -2
262 59 5000 8 136 -2
587 45 5000 2 96 1
698 42 5000 2 98 1
880 38 5000 2 100 1
698 42 5000 2 102 1
880 38 5000 2 104 1
698 42 5000 2 106 1
587 45 5000 2 108 1
784 40 5000 2 110 1
988 36 5000 2 112 1
784 40 5000 2 114 1
988 36 5000 4 116 1
587 45 5000 2 120 1
698 42 5000 2 122 1
880 38 5000 2 124 1
698 42 5000 2 126 1
880 38 5000 2 128 1
698 42 5000 2 130 1
587 45 5000 2 132 1
784 40 5000 2 134 1
988 36 5000 2 136 1
784 40 5000 2 138 1
988 36 5000 4 140 1
147 69 5000 8 48 -2
175 66 5000 8 52 -2
220 62 5000 8 56 -2
220 62 5000 8 60 -2
247 60 5000 8 64 -2
147 69 5000 8 72 -2
175 66 5000 8 76 -2
220 62 5000 8 80 -2
220 62 5000 8 84 -2
247 60 5000 8 88 -2
220 62 5000 8 96 -2
147 69 5000 8 100 -2
175 66 5000 8 104 -2
196 64 5000 4 108 -2
175 66 5000 4 110 -2
165 67 5000 8 112 -2
175 66 5000 4 120 -2
165 67 5000 4 122 -2
196 64 5000 8 116 -2
147 69 5000 8 124 -2
175 66 5000 8 128 -2
165 67 5000 4 132 -2
147 69 5000 4 134 -2
131 71 5000 8 136 -2
147 69 5000 8 0 -2
175 66 5000 16 4 -2
147 69 5000 8 24 -2
175 66 5000 16 28 -2
147 69 5000 8 12 -2
196 64 5000 16 16 -2
147 69 5000 8 36 -2
196 64 5000 16 40 -2
1976 24 5000 1 20 2
1760 26 5000 1 21 2
1568 28 5000 1 22 2
1397 30 5000 1 23 2
1976 24 5000 1 44 2
1760 26 5000 1 45 2
1568 28 5000 1 46 2
1397 30 5000 1 47 2
1175 33 5000 1 0 2
1319 31 5000 1 1 2
1397 30 5000 1 2 2
1568 28 5000 1 3 2
1760 26 5000 1 4 2
1760 26 5000 1 8 2
1568 28 5000 1 9 2
1397 30 5000 1 10 2
1319 31 5000 1 11 2
1175 33 5000 1 12 2
1397 30 5000 1 13 2
1568 28 5000 1 14 2
1760 26 5000 1 15 2
1976 24 5000 1 16 2
1175 33 5000 1 24 2
1319 31 5000 1 25 2
1397 30 5000 1 26 2
1568 28 5000 1 27 2
1760 26 5000 1 28 2
1760 26 5000 1 32 2
1568 28 5000 1 33 2
1397 30 5000 1 34 2
1319 31 5000 1 35 2
1175 33 5000 1 36 2
1397 30 5000 1 37 2
1568 28 5000 1 38 2
1760 26 5000 1 39 2
1976 24 5000 1 40 2
1175 33 5000 1 48 2
1319 31 5000 1 49 2
1397 30 5000 1 50 2
1568 28 5000 1 51 2
1760 26 5000 1 52 2
1568 28 5000 1 53 2
1760 26 5000 1 54 2
1568 28 5000 1 55 2
1760 26 5000 1 56 2
1568 28 5000 1 57 2
1397 30 5000 1 58 2
1319 31 5000 1 59 2
1175 33 5000 1 60 2
1397 30 5000 1 61 2
1568 28 5000 1 62 2
1760 26 5000 1 63 2
1976 24 5000 1 64 2
1976 24 5000 1 68 2
1760 26 5000 1 69 2
1568 28 5000 1 70 2
1397 30 5000 1 71 2
1175 33 5000 1 72 2
1319 31 5000 1 73 2
1397 30 5000 1 74 2
1568 28 5000 1 75 2
1760 26 5000 1 76 2
1568 28 5000 1 77 2
1760 26 5000 1 78 2
1568 28 5000 1 79 2
1760 26 5000 1 80 2
1568 28 5000 1 81 2
1397 30 5000 1 82 2
1319 31 5000 1 83 2
1175 33 5000 1 84 2
1397 30 5000 1 85 2
1568 28 5000 1 86 2
1760 26 5000 1 87 2
1976 24 5000 1 88 2
1976 24 5000 1 92 2
1760 26 5000 1 93 2
1568 28 5000 1 94 2
1397 30 5000 1 95 2
1175 33 5000 1 96 2
1319 31 5000 1 97 2
1397 30 5000 1 98 2
1568 28 5000 1 99 2
1760 26 5000 1 100 2
1568 28 5000 1 101 2
1760 26 5000 1 102 2
1568 28 5000 1 103 2
1760 26 5000 1 104 2
1568 28 5000 1 105 2
1397 30 5000 1 106 2
1319 31 5000 1 107 2
1175 33 5000 1 108 2
1397 30 5000 1 109 2
1568 28 5000 1 110 2
1760 26 5000 1 111 2
1976 24 5000 1 112 2
1976 24 5000 1 116 2
1760 26 5000 1 117 2
1568 28 5000 1 118 2
1397 30 5000 1 119 2
1175 33 5000 1 120 2
1319 31 5000 1 121 2
1397 30 5000 1 122 2
1568 28 5000 1 123 2
1760 26 5000 1 124 2
1568 28 5000 1 125 2
1760 26 5000 1 126 2
1568 28 5000 1 127 2
1760 26 5000 1 128 2
1568 28 5000 1 129 2
1397 30 5000 1 130 2
1319 31 5000 1 131 2
1175 33 5000 1 132 2
1397 30 5000 1 133 2
1568 28 5000 1 134 2
1760 26 5000 1 135 2
1976 24 5000 1 136 2
1976 24 5000 1 140 2
1760 26 5000 1 141 2
1568 28 5000 1 142 2
1397 30 5000 1 143 2
1568 28 5000 1 5 2
1760 26 5000 1 6 2
1568 28 5000 1 7 2
1760 26 5000 1 30 2
1568 28 5000 1 29 2
1568 28 5000 1 31 2
1568 28 5000 1 18 2
1568 28 5000 1 42 2
1568 28 5000 1 66 2
1568 28 5000 1 90 2
1568 28 5000 1 114 2
1568 28 5000 1 138 2
