147 69 5000 1500 0 1
165 67 5000 1500 1500 1
175 66 5000 1500 3000 1
165 67 5000 1500 4500 1
147 69 5000 1500 6000 1
165 67 5000 1500 7500 1
175 66 5000 1500 9000 1
165 67 5000 1500 10500 1
349 54 5000 250 500 1
349 54 5000 250 1000 1
440 50 5000 250 500 1
440 50 5000 250 1000 1
349 54 5000 250 6500 1
349 54 5000 250 7000 1
440 50 5000 250 6500 1
440 50 5000 250 7000 1
330 55 5000 250 1750 1
330 55 5000 250 7750 1
330 55 5000 250 4750 1
330 55 5000 250 10750 1
392 52 5000 1000 2000 1
494 48 5000 1000 2000 1
392 52 5000 1000 8000 1
494 48 5000 1000 8000 1
392 52 5000 1000 5000 1
494 48 5000 1000 5000 1
392 52 5000 1000 11000 1
494 48 5000 1000 11000 1
440 50 5000 250 3500 1
440 50 5000 250 4000 1
440 50 5000 250 9500 1
440 50 5000 250 10000 1
523 47 5000 250 9500 1
523 47 5000 250 10000 1
523 47 5000 250 3500 1
523 47 5000 250 4000 1
147 69 5000 1500 12000 1
349 54 5000 250 12500 1
440 50 5000 250 12500 1
440 50 5000 250 13000 1
349 54 5000 250 13000 1
330 55 5000 250 13750 1
392 52 5000 1000 14000 1
494 48 5000 1000 14000 1
165 67 5000 1500 13500 1
175 66 5000 1500 15000 1
165 67 5000 1500 16500 1
440 50 5000 250 15500 1
440 50 5000 250 16000 1
523 47 5000 250 15500 1
523 47 5000 250 16000 1
330 55 5000 250 16750 1
392 52 5000 1000 17000 1
494 48 5000 1000 17000 1
147 69 5000 1500 18000 1
165 67 5000 1500 19500 1
175 66 5000 1500 21000 1
165 67 5000 1500 22500 1
392 52 5000 1000 20000 1
392 52 5000 1000 23000 1
494 48 5000 1000 20000 1
494 48 5000 1000 23000 1
330 55 5000 250 19750 1
330 55 5000 250 22750 1
349 54 5000 250 19000 1
349 54 5000 250 18500 1
440 50 5000 250 22000 1
440 50 5000 250 21500 1
440 50 5000 250 19000 1
440 50 5000 250 18500 1
523 47 5000 250 21500 1
523 47 5000 250 22000 1
587 45 5000 250 12000 4
698 42 5000 250 12250 4
1175 33 5000 1000 12500 4
587 45 5000 250 13500 4
698 42 5000 250 13750 4
1175 33 5000 1000 14000 4
1319 31 5000 750 15000 4
1397 30 5000 250 15750 4
1319 31 5000 250 16000 4
1397 30 5000 250 16250 4
1319 31 5000 250 16500 4
1047 35 5000 250 16750 4
880 38 5000 1000 17000 4
880 38 5000 500 18000 4
587 45 5000 500 18500 4
698 42 5000 250 19000 4
784 40 5000 250 19250 4
880 38 5000 1500 19500 4
880 38 5000 500 21000 4
587 45 5000 500 21500 4
698 42 5000 250 22000 4
784 40 5000 250 22250 4
659 43 5000 1500 22500 4
