60
147 69 5000 6 0 1
165 67 5000 6 6 1
175 66 5000 6 12 1
165 67 5000 6 18 1
147 69 5000 6 24 1
165 67 5000 6 30 1
175 66 5000 6 36 1
165 67 5000 6 42 1
349 54 5000 1 2 1
349 54 5000 1 4 1
440 50 5000 1 2 1
440 50 5000 1 4 1
349 54 5000 1 26 1
349 54 5000 1 28 1
440 50 5000 1 26 1
440 50 5000 1 28 1
330 55 5000 1 7 1
330 55 5000 1 31 1
330 55 5000 1 19 1
330 55 5000 1 43 1
392 52 5000 4 8 1
494 48 5000 4 8 1
392 52 5000 4 32 1
494 48 5000 4 32 1
392 52 5000 4 20 1
494 48 5000 4 20 1
392 52 5000 4 44 1
494 48 5000 4 44 1
440 50 5000 1 14 1
440 50 5000 1 16 1
440 50 5000 1 38 1
440 50 5000 1 40 1
523 47 5000 1 38 1
523 47 5000 1 40 1
523 47 5000 1 14 1
523 47 5000 1 16 1
147 69 5000 6 48 1
349 54 5000 1 50 1
440 50 5000 1 50 1
440 50 5000 1 52 1
349 54 5000 1 52 1
330 55 5000 1 55 1
392 52 5000 4 56 1
494 48 5000 4 56 1
165 67 5000 6 54 1
175 66 5000 6 60 1
165 67 5000 6 66 1
440 50 5000 1 62 1
440 50 5000 1 64 1
523 47 5000 1 62 1
523 47 5000 1 64 1
330 55 5000 1 67 1
392 52 5000 4 68 1
494 48 5000 4 68 1
147 69 5000 6 72 1
165 67 5000 6 78 1
175 66 5000 6 84 1
165 67 5000 6 90 1
392 52 5000 4 80 1
392 52 5000 4 92 1
494 48 5000 4 80 1
494 48 5000 4 92 1
330 55 5000 1 79 1
330 55 5000 1 91 1
349 54 5000 1 76 1
349 54 5000 1 74 1
440 50 5000 1 88 1
440 50 5000 1 86 1
440 50 5000 1 76 1
440 50 5000 1 74 1
523 47 5000 1 86 1
523 47 5000 1 88 1
587 45 5000 1 48 4
698 42 5000 1 49 4
1175 33 5000 4 50 4
587 45 5000 1 54 4
698 42 5000 1 55 4
1175 33 5000 4 56 4
1319 31 5000 3 60 4
1397 30 5000 1 63 4
1319 31 5000 1 64 4
1397 30 5000 1 65 4
1319 31 5000 1 66 4
1047 35 5000 1 67 4
880 38 5000 4 68 4
880 38 5000 2 72 4
587 45 5000 2 74 4
698 42 5000 1 76 4
784 40 5000 1 77 4
880 38 5000 6 78 4
880 38 5000 2 84 4
587 45 5000 2 86 4
698 42 5000 1 88 4
784 40 5000 1 89 4
659 43 5000 6 90 4
