330 55 5000 3000 0 3
294 57 5000 3000 0 3
349 54 5000 1000 3000 3
330 55 5000 1000 3000 3
294 57 5000 2000 4000 3
262 59 5000 2000 4000 3
330 55 5000 2000 6000 3
294 57 5000 2000 6000 3
131 71 5000 250 0 4
131 71 5000 250 250 4
131 71 5000 250 500 4
131 71 5000 250 750 4
165 67 5000 250 0 4
165 67 5000 250 250 4
165 67 5000 250 500 4
165 67 5000 250 750 4
110 74 5000 250 0 4
110 74 5000 250 250 4
110 74 5000 250 500 4
110 74 5000 250 750 4
165 67 5000 250 1000 4
165 67 5000 250 1250 4
165 67 5000 250 1500 4
165 67 5000 250 1750 4
165 67 5000 250 2000 4
165 67 5000 250 2250 4
165 67 5000 250 2500 4
165 67 5000 250 2750 4
131 71 5000 250 1000 4
131 71 5000 250 1250 4
131 71 5000 250 1500 4
131 71 5000 250 1750 4
131 71 5000 250 2000 4
131 71 5000 250 2500 4
131 71 5000 250 2250 4
131 71 5000 250 2750 4
110 74 5000 250 1000 4
110 74 5000 250 1250 4
110 74 5000 250 1500 4
110 74 5000 250 1750 4
110 74 5000 250 2000 4
110 74 5000 250 2250 4
110 74 5000 250 2500 4
110 74 5000 250 2750 4
110 74 5000 250 3000 4
110 74 5000 250 3250 4
110 74 5000 250 3500 4
110 74 5000 250 3750 4
131 71 5000 250 3000 4
131 71 5000 250 3250 4
131 71 5000 250 3500 4
131 71 5000 250 3750 4
175 66 5000 250 3000 4
175 66 5000 250 3250 4
175 66 5000 250 3500 4
175 66 5000 250 3750 4
98 76 5000 250 4000 4
98 76 5000 250 4250 4
98 76 5000 250 4500 4
98 76 5000 250 4750 4
98 76 5000 250 5000 4
98 76 5000 250 5250 4
98 76 5000 250 5500 4
98 76 5000 250 5750 4
123 72 5000 250 4000 4
123 72 5000 250 4250 4
123 72 5000 250 4500 4
123 72 5000 250 4750 4
123 72 5000 250 5000 4
123 72 5000 250 5250 4
123 72 5000 250 5500 4
123 72 5000 250 5750 4
147 69 5000 250 4000 4
147 69 5000 250 4250 4
147 69 5000 250 4500 4
147 69 5000 250 4750 4
147 69 5000 250 5000 4
147 69 5000 250 5250 4
147 69 5000 250 5500 4
147 69 5000 250 5750 4
165 67 5000 250 6000 4
165 67 5000 250 6500 4
165 67 5000 250 6250 4
165 67 5000 250 6750 4
165 67 5000 250 7000 4
165 67 5000 250 7250 4
165 67 5000 250 7500 4
165 67 5000 250 7750 4
123 72 5000 250 6000 4
123 72 5000 250 6250 4
123 72 5000 250 6500 4
123 72 5000 250 6750 4
123 72 5000 250 7000 4
123 72 5000 250 7250 4
123 72 5000 250 7500 4
123 72 5000 250 7750 4
98 76 5000 250 6000 4
98 76 5000 250 6250 4
98 76 5000 250 6500 4
98 76 5000 250 6750 4
98 76 5000 250 7000 4
98 76 5000 250 7500 4
98 76 5000 250 7250 4
98 76 5000 250 7750 4
87 78 5000 250 8000 4
87 78 5000 250 8250 4
87 78 5000 250 8500 4
87 78 5000 250 8750 4
110 74 5000 250 8000 4
110 74 5000 250 8250 4
110 74 5000 250 8500 4
110 74 5000 250 8750 4
131 71 5000 250 8000 4
131 71 5000 250 8250 4
131 71 5000 250 8500 4
131 71 5000 250 8750 4
220 62 5000 8000 8000 3
196 64 5000 8000 8000 3
131 71 5000 250 9000 4
131 71 5000 250 9500 4
131 71 5000 250 9250 4
131 71 5000 250 9750 4
131 71 5000 250 10000 4
131 71 5000 250 10250 4
131 71 5000 250 10500 4
131 71 5000 250 10750 4
131 71 5000 250 11000 4
131 71 5000 250 11250 4
131 71 5000 250 11500 4
131 71 5000 250 11750 4
110 74 5000 250 9000 4
110 74 5000 250 9250 4
110 74 5000 250 9500 4
110 74 5000 250 9750 4
110 74 5000 250 10000 4
110 74 5000 250 10250 4
110 74 5000 250 10500 4
110 74 5000 250 10750 4
110 74 5000 250 11000 4
110 74 5000 250 11250 4
110 74 5000 250 11500 4
110 74 5000 250 11750 4
87 78 5000 250 9000 4
87 78 5000 250 9250 4
87 78 5000 250 9500 4
87 78 5000 250 9750 4
87 78 5000 250 10000 4
87 78 5000 250 10250 4
87 78 5000 250 10500 4
87 78 5000 250 10750 4
87 78 5000 250 11000 4
87 78 5000 250 11250 4
87 78 5000 250 11500 4
87 78 5000 250 11750 4
87 78 5000 250 12000 4
87 78 5000 250 12250 4
87 78 5000 250 12500 4
87 78 5000 250 12750 4
110 74 5000 250 12000 4
110 74 5000 250 12250 4
110 74 5000 250 12500 4
110 74 5000 250 12750 4
147 69 5000 250 12000 4
147 69 5000 250 12250 4
147 69 5000 250 12500 4
147 69 5000 250 12750 4
147 69 5000 250 13000 4
147 69 5000 250 13250 4
147 69 5000 250 13500 4
147 69 5000 250 13750 4
110 74 5000 250 13000 4
110 74 5000 250 13250 4
110 74 5000 250 13500 4
110 74 5000 250 13750 4
87 78 5000 250 13000 4
87 78 5000 250 13250 4
87 78 5000 250 13500 4
87 78 5000 250 13750 4
147 69 5000 250 14000 4
147 69 5000 250 14250 4
147 69 5000 250 14500 4
147 69 5000 250 14750 4
147 69 5000 250 15000 4
147 69 5000 250 15250 4
147 69 5000 250 15500 4
147 69 5000 250 15750 4
110 74 5000 250 14000 4
110 74 5000 250 14250 4
110 74 5000 250 14500 4
110 74 5000 250 14750 4
110 74 5000 250 15000 4
110 74 5000 250 15250 4
110 74 5000 250 15500 4
110 74 5000 250 15750 4
87 78 5000 250 14000 4
87 78 5000 250 14250 4
87 78 5000 250 14500 4
87 78 5000 250 14750 4
87 78 5000 250 15000 4
87 78 5000 250 15250 4
87 78 5000 250 15500 4
87 78 5000 250 15750 4
175 66 5000 250 14000 4
175 66 5000 250 14250 4
175 66 5000 250 14500 4
175 66 5000 250 14750 4
175 66 5000 250 15000 4
175 66 5000 250 15250 4
175 66 5000 250 15500 4
175 66 5000 250 15750 4
330 55 5000 3000 16000 3
294 57 5000 3000 16000 3
349 54 5000 1000 19000 3
330 55 5000 1000 19000 3
294 57 5000 2000 20000 3
262 59 5000 2000 20000 3
294 57 5000 2000 22000 3
330 55 5000 2000 22000 3
165 67 5000 250 16000 4
131 71 5000 250 16000 4
110 74 5000 250 16000 4
165 67 5000 250 16250 4
165 67 5000 250 16500 4
165 67 5000 250 16750 4
131 71 5000 250 16250 4
131 71 5000 250 16500 4
131 71 5000 250 16750 4
110 74 5000 250 16250 4
110 74 5000 250 16500 4
110 74 5000 250 16750 4
110 74 5000 250 17000 4
110 74 5000 250 17250 4
110 74 5000 250 17500 4
110 74 5000 250 17750 4
110 74 5000 250 18000 4
110 74 5000 250 18250 4
110 74 5000 250 18500 4
110 74 5000 250 18750 4
131 71 5000 250 17000 4
131 71 5000 250 17250 4
131 71 5000 250 17500 4
131 71 5000 250 17750 4
131 71 5000 250 18000 4
131 71 5000 250 18250 4
131 71 5000 250 18500 4
131 71 5000 250 18750 4
165 67 5000 250 17000 4
165 67 5000 250 17250 4
165 67 5000 250 17500 4
165 67 5000 250 17750 4
165 67 5000 250 18000 4
165 67 5000 250 18250 4
165 67 5000 250 18500 4
165 67 5000 250 18750 4
175 66 5000 250 19000 4
175 66 5000 250 19250 4
175 66 5000 250 19500 4
175 66 5000 250 19750 4
131 71 5000 250 19000 4
131 71 5000 250 19250 4
131 71 5000 250 19500 4
131 71 5000 250 19750 4
110 74 5000 250 19000 4
110 74 5000 250 19250 4
110 74 5000 250 19500 4
110 74 5000 250 19750 4
147 69 5000 250 20000 4
147 69 5000 250 20250 4
147 69 5000 250 20500 4
147 69 5000 250 20750 4
147 69 5000 250 21000 4
147 69 5000 250 21250 4
147 69 5000 250 21500 4
147 69 5000 250 21750 4
123 72 5000 250 20000 4
123 72 5000 250 20250 4
123 72 5000 250 20500 4
123 72 5000 250 20750 4
123 72 5000 250 21000 4
123 72 5000 250 21250 4
123 72 5000 250 21500 4
123 72 5000 250 21750 4
98 76 5000 250 20000 4
98 76 5000 250 20250 4
98 76 5000 250 20500 4
98 76 5000 250 20750 4
98 76 5000 250 21000 4
98 76 5000 250 21250 4
98 76 5000 250 21500 4
98 76 5000 250 21750 4
98 76 5000 250 22000 4
98 76 5000 250 22250 4
98 76 5000 250 22750 4
98 76 5000 250 22500 4
98 76 5000 250 23000 4
98 76 5000 250 23250 4
98 76 5000 250 23500 4
98 76 5000 250 23750 4
131 71 5000 250 22000 4
131 71 5000 250 22250 4
131 71 5000 250 22500 4
131 71 5000 250 22750 4
131 71 5000 250 23000 4
131 71 5000 250 23250 4
131 71 5000 250 23500 4
131 71 5000 250 23750 4
165 67 5000 250 22000 4
165 67 5000 250 22500 4
165 67 5000 250 22250 4
165 67 5000 250 22750 4
165 67 5000 250 23000 4
165 67 5000 250 23250 4
165 67 5000 250 23500 4
165 67 5000 250 23750 4
